0	0	0	0	0
0	0	0	0	0
0	0	0	0	0
0	0	0	0	0
0	0	0	0	0
0	0	0	0	0
0	0	0	0	0
0	0	0	0	0
0	0	0	0	0
0	0	0	0	0
0.02551622	1.048490167	25.37413216	97.69026947	1
0.02897421	0.784641623	26.58392715	98.75064087	1
4.537616537	38.89601135	36.9140892	84.30715179	1
17.0815818	37.93529129	39.55362511	96.83322144	1
29.28108485	75.18736267	33.16426659	99.99982452	1
0	0	0	0	0
28.8896586	53.33004761	42.15703964	99.99972534	1
24.69336486	60.49041748	38.78781128	99.99965668	1
0.068248506	1.275743037	60.59839916	87.66152573	1
0	0	0	0	0
0.077730648	1.866628051	67.30668767	83.46214676	1
0	0	0	0	0
0	0	0	0	0
0	0	0	0	0
0	0	0	0	0
0	0	0	0	0
0	0	0	0	0
0	0	0	0	0
6.576299382	60.49041748	63.5458107	98.1421051	1
8.585082942	26.17736816	37.89855576	99.65268707	1
17.29067821	74.55534617	26.0700175	99.99823507	1
5.865369468	42.46290588	45.64711952	99.99993515	1
0	0	0	0	0
1.093588917	7.589449883	43.66788864	99.90245056	1
0.306583753	5.775668621	56.1073761	97.76358032	1
27.76333212	98.74433517	31.78015232	99.99992752	1
14.12918877	57.52956486	51.44234657	99.99563217	1
1.73801015	25.70370245	69.46607399	99.99330521	1
5.35675828	51.47001648	41.63155937	99.99976349	1
24.73961766	94.01245117	66.56147194	99.99836604	1
19.85610669	79.82231903	60.31813526	99.99897766	1
4.691133648	54.68458176	49.52428722	99.97888756	1
17.10364111	87.89661598	69.34324646	99.99942017	1
21.47359725	95.7908802	67.92569923	99.9997406	1
18.11552048	73.13575745	49.22132619	99.99846141	1
0	0	0	0	0
0	0	0	0	0
0.049174579	1.165596962	35.68318812	92.65047201	1
0	0	0	0	0
0	0	0	0	0
19.28951005	63.85886383	44.81022835	99.85617828	1
21.05987674	58.83705203	45.10139338	97.95527903	1
15.53728708	65.98677444	40.13973618	99.99742889	1
1.602916598	6.090597332	31.97953176	99.954813	1
0.877608053	4.644886049	39.00892899	99.44357022	1
0.830357432	5.20883441	39.33280134	99.93589973	1
0	0	0	0	0
27.27081619	67.22731018	37.91407522	99.99208069	1
26.62934336	65.14122264	42.34988022	94.00371297	1
25.02910535	50.90921466	40.85090828	99.99839783	1
18.30547599	46.07141495	51.63939095	99.7646904	1
26.120706	51.88331159	37.18280729	99.92895126	1
11.23839902	48.14204788	44.74641037	92.11806488	1
12.00728377	46.02980042	40.49902725	97.46310425	1
23.42634799	63.29110336	37.23180437	97.22604179	1
35.06443721	59.65813513	38.39013977	97.33469696	1
28.35242127	61.02171326	42.67162323	99.96936798	1
22.49667836	53.30172348	44.93033695	99.99909019	1
22.76671771	61.53998413	48.86916351	99.99937439	1
22.7759187	63.32607269	47.47436015	99.99943542	1
0.868212215	8.751176834	52.02479362	82.65394211	1
2.410035877	25.60704136	51.08226681	99.83490372	1
1.818329289	19.6760931	51.29417515	99.96106911	1
1.174925394	5.982143402	35.12652683	96.58301163	1
4.910544285	24.76839733	29.59412861	99.37998581	1
11.12554418	57.69915581	44.20894289	99.9994545	1
6.303239388	62.85023594	62.06153965	99.99516487	1
8.041181797	40.64133803	48.24131012	98.06234996	1
9.937165554	49.86916804	37.61001825	99.14405441	1
13.42063835	50.35743109	25.47981199	99.65838242	1
14.52209567	85.38453674	57.45339203	99.68795586	1
16.40009626	92.22801208	57.88949203	99.99990845	1
3.1644169	8.363934517	24.00058873	99.9188741	1
1.718145054	17.0656116	55.92984247	99.98954582	1
6.514185985	37.87672806	44.75263023	99.92233429	1
13.41534155	56.28597196	37.8947312	99.79597473	1
18.79570098	67.82163239	64.02226563	99.94165192	1
15.89241129	80.64707511	68.80584935	98.76854815	1
16.85324207	85.00380325	70.54647064	97.80669785	1
0	0	0	0	0
7.982300654	49.69321442	25.52846527	92.29801941	1
21.92054471	89.1193428	42.37775612	99.9977684	1
6.743633329	44.85586357	27.29162407	99.63416036	1
12.00262195	51.80058365	31.32409134	94.48120117	1
4.955986982	21.33614445	34.2944622	99.99651718	1
10.75239638	54.67764044	37.51855278	99.99693298	1
9.179749946	51.12914975	43.92120743	99.99885305	1
1.547124989	14.73371039	45.71347475	99.17219353	1
0.90962924	9.946491647	43.41801414	94.04169769	1
0.301501792	7.324625753	37.95473325	97.84904003	1
10.77894785	32.03315818	51.32188454	90.89670639	1
7.212186969	25.11086769	50.51614428	89.89633799	1
22.9964039	55.95693884	53.95828705	94.91516724	1
5.670948917	44.35283175	41.63131847	99.95297394	1
23.66836858	74.98847615	46.40447963	92.62543592	1
26.62169792	73.79431725	51.84498882	99.99436283	1
28.82207209	74.92739868	46.92541667	99.99416896	1
16.07423197	88.64946493	38.7694931	99.99986013	1
23.67352962	77.37846048	46.57481548	99.99528176	1
17.11125059	53.64197877	46.98041255	96.41829376	1
6.27835481	24.92401028	48.27886987	97.34815359	1
3.35730518	13.69565354	51.445367	98.31294959	1
26.0237799	83.14741516	61.90088177	99.99986076	1
22.17330301	76.6890316	56.64326382	99.99910545	1
0.602038642	3.709835423	66.16011429	91.77090963	1
0.038617204	1.158188224	79.08117867	73.17790985	1
2.793329731	16.49492073	23.97891808	92.59965515	1
33.75709542	85.84819031	28.63225031	99.94583511	1
1.379712201	21.49484537	46.83107636	98.19627623	1
2.432965222	25.87202184	52.56836458	97.67003354	1
17.25197171	66.37722187	54.96132965	92.98148956	1
15.0390164	75.38253498	58.90320683	99.82803249	1
13.91068571	66.45064545	60.41232834	94.35735283	1
13.80277118	65.66385863	62.46406386	96.7467982	1
4.889235469	73.06430308	49.88706334	97.70449956	1
16.40963978	72.00868408	54.9295222	95.49235408	1
28.28514097	85.96843529	64.60868931	99.99980545	1
26.72872581	87.61901347	54.75792185	99.9997406	1
3.480150996	31.26614914	36.07771269	91.37551371	1
2.219704834	22.96543738	47.71983948	93.12308044	1
5.409984888	52.19667324	41.11366081	97.00233459	1
12.70463195	81.61927986	59.68672085	99.99962807	1
18.39123243	82.36573219	46.28910732	99.99996376	1
16.09447115	63.56182512	37.75591087	89.22045135	1
12.76400768	47.70049152	34.79664116	97.77141113	1
34.75231199	85.62259928	36.9406751	99.99965413	1
54.1611863	77.83479563	41.96955999	99.99678548	1
0	0	0	0	0
23.14790161	94.79940796	45.2841835	99.99975586	1
11.97403094	50.45609066	44.12610626	95.94792843	1
0.25573607	7.230476566	48.02699006	92.89497471	1
2.619066621	23.45153274	43.2140146	92.67040471	1
11.79715322	71.44230016	54.45877902	99.99313863	1
19.00237353	87.02538872	44.2765646	99.99996185	1
32.73197594	81.24195671	36.24604082	99.99906921	1
38.95972118	91.63471222	36.71583843	99.99964905	1
39.76177487	93.15531921	43.70950985	99.99995613	1
2.605893789	11.98994341	45.995488	95.19706906	1
4.472795932	16.4095662	44.05972178	94.31272058	1
37.91542633	90.67909851	33.38844948	99.99808655	1
14.78888163	43.54860058	48.15994034	97.97898407	1
0.22574182	4.053647111	52.5490941	97.06205065	1
10.65811178	24.58651677	56.84550615	98.15256223	1
1.151141477	5.710209602	63.02816105	94.8487793	1
22.46846837	91.96871948	66.45043373	99.99969292	1
22.07320552	89.07956123	64.24413013	99.9997921	1
7.679262832	49.9532062	51.05652346	97.5613109	1
3.488907126	29.0402112	47.86702538	98.61867142	1
7.804088279	10.43487883	40.73968887	99.8563385	1
0.865105959	6.965871906	38.52808304	99.95054932	1
15.49788168	83.70236206	53.78713036	99.99981308	1
16.3830344	80.64645386	50.64417744	99.99913788	1
19.50811547	87.42930794	57.87446308	99.99959946	1
19.17999515	92.69166565	56.5176897	99.99946022	1
19.07177518	92.22801208	58.70399094	99.99968719	1
0	0	0	0	0
8.891282653	38.07674248	53.88107936	85.93904622	1
0	0	0	0	0
0	0	0	0	0
5.650740757	52.03736305	33.02454567	99.58613586	1
0	0	0	0	0
1.032285291	8.611800671	51.87173653	99.98870468	1
1.093710717	10.64686894	52.51626682	99.99645805	1
6.190124526	42.57435894	33.38861036	99.99993324	1
6.056474277	42.61597347	33.51937199	99.99991417	1
0.036468225	0.975245178	49.15059579	81.67681354	1
0.204180885	2.651923001	43.93559265	95.21493187	1
4.429744831	27.89585648	49.37338181	94.97829437	1
5.821591706	44.24635315	43.35870552	99.99983406	1
41.25782724	67.22731018	36.1580925	99.99987793	1
18.65495971	31.01012842	47.64357122	99.59498215	1
0.103926906	2.173598746	50.54836909	74.7016468	1
38.607328	56.6285553	35.74870872	99.99464035	1
16.21749666	56.58835856	35.05717246	99.99523417	1
25.9267523	87.60884666	54.16066647	99.99950409	1
25.46179203	82.17015076	58.91535854	99.99908257	1
36.19879951	80.14480591	45.6010437	99.99935659	1
21.29085719	71.89838409	51.47785378	99.99595451	1
36.3977669	77.41835117	42.43793678	99.99901581	1
5.33853556	13.40242332	61.97243857	87.49883318	1
29.43358103	84.19943746	36.81349182	99.9992218	1
3.104676984	36.27379063	44.19823347	99.5821337	1
3.701508604	40.00174189	39.54168224	99.97842979	1
0	0	0	0	0
1.912887584	18.09459022	47.08673586	99.74440002	1
0.102311957	2.038744152	45.96619463	87.06763554	1
23.82433777	95.51618958	56.68824768	99.99910736	1
23.93168204	85.00380325	55.62198257	99.99847412	1
2.183616391	15.7776258	28.80677032	99.64451027	1
30.30134912	92.96019173	39.19771338	99.93014717	1
32.06119388	96.24869792	28.92136002	99.94015757	1
3.181631527	27.4371194	37.19163259	91.42557271	1
44.98253129	86.86019135	72.09886932	99.97933197	1
42.11634813	79.87230937	61.81731288	97.79982249	1
1.025804171	8.05595932	47.35617981	90.74284515	1
3.268116338	37.12867928	32.15300751	99.42119598	1
16.95363836	67.01327515	33.89157613	99.99887085	1
0	0	0	0	0
0	0	0	0	0
0.205247914	2.485198736	89.39599609	81.13601685	1
0.162133936	2.037482328	43.04366917	95.33236101	1
0.091959787	2.098004401	36.89906694	91.69102123	1
1.127027926	13.22271697	38.39686063	96.95489044	1
1.969010823	18.82063278	36.09870211	99.58783595	1
1.864254266	18.72258785	39.17088396	99.42872966	1
6.955986642	63.75299454	44.83666134	99.99279404	1
1.192626629	15.97992681	40.74085045	94.79208697	1
15.11719499	33.1829226	29.1959575	99.74376043	1
20.92510725	44.22087097	29.81445742	99.99280739	1
18.93673134	48.8881966	31.76607253	99.73550138	1
7.052962576	21.81561253	51.00679334	99.81595357	1
6.025757408	38.41445184	40.24958432	99.90410042	1
1.70997644	28.22521285	32.83451353	93.5198288	1
5.826822311	54.02265227	29.36545253	98.15047455	1
6.835100066	28.68540907	20.766277	97.39625422	1
6.745903243	39.37044472	24.40699005	99.53515201	1
6.175881841	82.8837026	70.5531896	99.99973806	1
14.67284898	68.2485733	61.75858434	99.99963888	1
9.594248094	37.3354702	46.81405449	99.82770538	1
5.445917923	44.97094488	34.13639267	99.96578153	1
5.933605098	62.91126175	43.53092003	98.67919006	1
6.872448575	43.65993245	33.46509647	98.81496684	1
8.007423141	39.75370789	31.1406889	99.99848557	1
0	0	0	0	0
3.758384667	30.75198116	40.83924789	97.26355743	1
2.674711647	24.79348834	30.73674202	98.17115275	1
2.620249555	24.0599209	31.167213	99.36384935	1
2.511747228	27.26150932	44.92522202	98.04441986	1
0	0	0	0	0
17.47064323	86.86019135	20.49051666	99.73010254	1
5.003160848	27.05782652	42.77182274	93.5111496	1
0.538900781	8.810363755	47.82616937	96.2916255	1
9.209694092	75.18736267	57.45115852	99.99863052	1
8.007675981	58.59445572	49.22638702	99.99953461	1
16.15452118	62.36439387	33.18987465	99.99993642	1
4.135689867	56.6285553	65.54591942	88.20441437	1
1.421274089	21.51205201	51.66092957	99.67034488	1
1.343815682	28.5155828	62.95964699	91.42049561	1
3.351750949	36.44652658	63.2874054	97.23494568	1
6.716030802	42.46290588	53.4403286	99.99993134	1
12.38595775	69.39574432	45.02875233	99.99820073	1
16.06016476	88.75520515	70.25471306	99.9922905	1
17.19899664	76.51327515	64.1331501	99.99994469	1
14.48114465	69.65443611	65.55890465	99.99993706	1
14.94418014	80.72012838	66.35267003	99.9989802	1
12.6465272	95.7908802	72.33179855	99.99669075	1
13.46042995	86.45281728	66.7972285	99.99642181	1
16.27801041	60.38454819	64.75121021	99.99993896	1
15.41524361	79.44808807	65.12973099	99.99853821	1
15.34271938	87.56359355	71.18948301	99.99949137	1
4.730943537	33.10618906	48.33220139	96.50478897	1
11.43663604	61.22891083	50.12657928	99.99954681	1
11.81416147	71.88127518	71.57542801	99.99900627	1
7.399215143	56.91023254	67.87563229	99.99967384	1
8.370379224	47.16797695	42.68098068	97.71507034	1
12.82335948	57.63097	39.91498566	99.99851735	1
33.14438528	31.848176	28.12435818	99.37950516	1
15.64293365	61.15462458	30.02035117	99.67928219	1
9.949800472	50.55817829	39.20535226	99.89217377	1
10.32184052	49.79177761	45.9380757	99.99244245	1
16.92037384	53.49245686	41.23642349	99.99848938	1
20.69168664	51.80338791	35.22793473	98.62904188	1
26.41121316	69.52089405	33.06764483	99.99630451	1
11.13910401	84.97297859	48.10292435	99.99531937	1
10.6182797	79.87230937	47.70086288	99.99742381	1
12.727891	76.51327515	48.65670967	99.99840546	1
21.77310039	60.9060758	44.97359594	99.99829356	1
14.28739338	30.51053429	32.20737076	96.83298683	1
2.342792222	46.40768433	37.43063068	91.0188427	1
3.38821912	13.51344822	45.9359107	98.73492146	1
4.949898613	41.95502976	30.22170503	94.08109774	1
4.691611281	45.12233098	45.46806441	99.22384135	1
5.204065299	62.4969101	34.51786995	97.8281662	1
5.180594552	51.72673244	42.07534599	94.02148972	1
18.72867727	71.44452858	31.92507267	99.99678802	1
30.11678528	63.50909901	33.31899405	93.51857758	1
26.87887778	83.22710419	24.49802065	99.99921989	1
16.55370992	49.50360787	21.31581624	99.9703598	1
15.63763535	51.74515128	21.70644608	99.96154327	1
4.363185599	24.80197144	23.64927578	99.97584534	1
16.3888922	80.89545822	23.66414452	99.99996948	1
14.87454766	73.32209778	19.82782936	99.99948883	1
15.23271793	71.79840088	21.03284454	99.99962616	1
1.072273912	6.523400937	33.52177118	78.18032415	1
3.291746802	13.04459128	32.77185419	85.83938302	1
11.55841978	49.68656921	26.14885759	99.99977684	1
13.11392744	63.85886383	35.41519642	99.99960899	1
11.18768473	68.13073921	36.35699654	99.99849319	1
14.97818175	65.75151062	27.93554535	99.9997406	1
13.43443288	65.87993164	29.47153282	99.99963989	1
10.43028481	60.49041748	36.19403839	99.99736277	1
12.48730213	60.27867889	27.56883669	99.99959373	1
11.22518224	62.17464066	30.0399313	99.99828148	1
11.4969859	66.71291161	30.14679623	99.99851227	1
10.32548091	55.08517075	34.33369827	99.99979782	1
11.32518974	74.65244865	35.53100014	99.99940491	1
11.18482054	77.31315041	36.61679554	99.99931526	1
2.74952979	19.13067282	40.23935334	83.396897	1
0.24075156	2.940560731	38.14051553	80.12865147	1
0.254219482	2.902983192	38.60578357	87.20255703	1
0.125067086	3.007130176	58.31635857	99.67495155	1
2.210227513	38.64577612	57.46890926	99.91936302	1
2.670554365	11.43080982	34.00816472	92.97313944	1
8.899845624	28.23966694	47.70867729	99.99514961	1
15.01385861	67.22731018	55.60699844	99.99993896	1
5.546682362	24.14587498	43.48467127	99.97128296	1
12.59002969	38.89601135	50.39423752	99.99974823	1
2.561931059	16.88340902	37.1516819	92.30010605	1
3.190661809	7.844286203	34.04415512	99.99771881	1
3.938405122	12.96714703	39.87667402	99.99894333	1
3.546371931	16.37352628	61.05665016	99.23113759	1
5.617470645	53.33004761	88.24769211	99.97283173	1
0.593512286	4.374836922	87.62146759	99.33615112	1
5.801292421	35.24889302	64.98206329	99.97958946	1
2.169609118	14.67184258	36.52200127	99.97171402	1
4.813200938	41.854599	67.01015727	84.16607666	1
7.223566563	45.22929859	62.54171467	92.07388496	1
4.441940413	32.19475746	56.82810116	99.99426651	1
10.53779752	75.4828949	55.2041688	99.99102688	1
14.49935376	72.93877284	56.21312968	99.99577204	1
3.119509319	16.49492073	37.59138584	99.76932716	1
13.3958358	72.24027634	60.55187893	99.95817757	1
4.738880316	27.01746647	45.90061824	99.97528076	1
1.042614562	7.589449883	50.04900742	99.9944458	1
0.468910241	4.374836922	21.92051697	99.98017883	1
0.421169635	6.229113936	29.77939939	98.69230843	1
0.536336865	5.446374575	34.042593	98.70470683	1
4.754502434	53.28342183	23.34469859	99.99908956	1
5.612073216	67.06678391	24.06410742	99.99958801	1
7.100276304	56.00214539	15.25473938	99.99871674	1
9.38927635	49.67992401	10.28065872	99.99864578	1
10.27613461	66.40028636	15.34143194	99.98685455	1
13.33134545	59.977314	17.29206181	99.80960655	1
0	0	0	0	0
0	0	0	0	0
0	0	0	0	0
0	0	0	0	0
39.07212738	74.25473022	15.98783088	99.46562004	1
33.70492852	61.16601276	15.46684098	99.53682137	1
29.20580828	70.23329163	17.43294315	99.7720459	1
17.88162527	72.23327827	16.0454669	99.73875999	1
11.06639341	57.10896778	13.39562023	98.34901237	1
13.71337756	71.93504791	13.29478092	99.89468842	1
14.45612583	20.92731094	12.40294456	99.99755859	1
20.75380699	39.49489737	12.404217	98.8382988	1
23.99415572	80.09114456	12.75876093	98.54689407	1
25.20413599	79.36627452	17.09063625	96.61774953	1
29.90808509	79.56510735	16.47141719	99.7539444	1
26.86002629	82.8837026	17.85444132	99.35505931	1
24.82417127	71.03270721	15.38857047	99.99408213	1
17.29171281	77.8407135	18.6113046	95.54250336	1
0	0	0	0	0
34.01926108	78.64350128	18.20626259	99.91038513	1
0	0	0	0	0
0	0	0	0	0
0	0	0	0	0
15.16856943	16.49492073	15.70770454	85.51309967	1
0	0	0	0	0
0	0	0	0	0
0	0	0	0	0
0	0	0	0	0
1.690878624	19.98427137	50.70995235	99.99237951	1
1.645569746	19.98427137	50.29331843	99.9804128	1
42.04402328	89.85481262	47.35038757	99.99876404	1
36.6748457	85.56627846	52.62343311	99.97162247	1
17.11499539	56.76939392	69.90286064	99.99937057	1
0.030324777	1.048490167	92.34198761	71.14958191	1
8.538876332	57.40125559	67.33227253	97.70996094	1
19.75429409	73.97582245	47.87180614	99.9982338	1
19.37298738	77.79444885	61.56486829	99.99856822	1
15.35143306	82.02143669	56.75913811	99.99677658	1
1.592387666	9.448213005	62.87236557	99.97691345	1
7.331273442	32.20803452	57.0381813	97.31081009	1
4.020075685	46.02980042	67.62153625	99.99891281	1
3.460371119	26.91687775	39.14023081	99.93309784	1
3.538278533	23.16377393	26.11608855	94.90705617	1
3.166992005	25.38771343	42.96343899	99.96933746	1
2.954561259	23.79876001	32.88536807	94.85884748	1
3.169047819	22.33583999	31.73302841	89.51884842	1
13.55120308	78.48000336	58.56810303	99.99858704	1
0.664504523	10.60962796	57.79631551	90.66881561	1
1.769341925	14.56299305	51.7645696	99.98485565	1
4.694647733	49.67992401	59.59921265	99.99952698	1
16.48151014	59.3759203	45.25199986	99.99892426	1
11.96882502	49.37983036	38.08388329	99.99312401	1
8.36199625	43.6660792	57.79661942	99.42086538	1
15.53536886	65.35831308	59.10484505	99.99624252	1
7.600723976	48.39832115	44.50704098	99.98863602	1
19.77077855	82.02143669	64.25031948	99.99962234	1
21.56921507	89.85481262	25.6903286	99.99841309	1
0	0	0	0	0
4.745988196	47.90312195	34.78146172	99.99860573	1
16.91639424	72.6354351	31.61674166	99.996521	1
20.37152242	81.82365227	26.23880911	99.99691772	1
11.43930734	51.85376263	49.26261139	99.9990387	1
10.4716264	58.06910515	49.11294651	99.99841309	1
20.47042977	81.82365227	37.6177783	99.99884605	1
19.91524719	82.94963074	48.33440161	99.99950409	1
20.26131278	82.94963074	47.30642843	99.9995327	1
8.196855847	64.03633881	56.26289597	99.9990036	1
0	0	0	0	0
0	0	0	0	0
0	0	0	0	0
0	0	0	0	0
0	0	0	0	0
3.992248365	20.92731094	28.99026299	99.97561646	1
2.469613239	25.02617788	41.99536943	99.96109581	1
0.577565669	11.77357578	49.2710865	99.31672058	1
0.53484942	9.24048694	32.00281779	93.94819895	1
0.634114246	12.21724649	31.65004969	99.88283475	1
0.695854746	13.3438983	29.31002855	99.94070911	1
0.644578874	6.603988349	23.50605631	99.91603851	1
0.81598863	14.76062953	30.15353107	99.96919441	1
4.171892248	27.22498962	35.59600803	99.94860513	1
24.22839131	97.03329849	50.80624294	99.99788284	1
22.22459485	73.25072261	42.75964546	99.99314008	1
21.02770603	84.99565125	42.73735269	97.38548024	1
3.317121957	66.44757748	40.16865826	99.98751545	1
1.815809835	32.38036323	32.20567226	99.98334885	1
17.70274323	73.83426714	25.9497571	99.49427795	1
19.82077043	86.06762913	27.58708913	98.83080619	1
19.12166351	87.7493515	32.83775806	92.3692627	1
3.431778904	63.25138855	37.44103408	98.56798935	1
3.287889089	46.07141495	44.56849027	99.51383591	1
2.668001168	41.02946568	39.28801656	88.30026531	1
16.86786842	86.93381373	27.07364146	99.44680786	1
18.33923477	86.00623975	26.78244346	93.73583766	1
11.4046021	84.00885446	32.24646677	99.57277352	1
5.154507206	71.09908371	35.87762165	99.99961319	1
2.48120944	44.42247677	37.21312062	99.8549792	1
1.360984355	25.60704136	29.52781987	99.88412762	1
1.27702616	31.92040217	35.86595297	99.83968163	1
2.808679184	30.14818546	37.66159303	99.95379966	1
9.160434985	59.89061038	60.75253296	99.92381541	1
10.87098197	73.90085793	56.0474062	99.99952126	1
10.82959916	89.85481262	53.76258469	99.99968719	1
28.27442338	75.17261505	15.86478376	99.9926033	1
11.25805315	84.82426453	53.77044296	99.97927284	1
10.438714	81.24195671	61.19926834	99.98957634	1
2.243858308	37.29592341	34.93030427	88.3876856	1
2.585598357	39.94727898	33.01683331	94.45327632	1
5.00612705	49.92109928	26.88727493	99.81880493	1
5.028362779	49.10564499	50.59789619	99.97946472	1
2.376534773	41.12718105	35.92055321	99.98281288	1
1.419577509	32.20803452	26.76500893	99.97635651	1
0	0	0	0	0
0	0	0	0	0
0.008779717	0.586795747	41.91778803	67.68758297	1
0.080737591	2.517029946	36.65716902	81.48601596	1
0.312513115	5.943261385	43.21930567	99.51596006	1
1.196424189	20.58208275	45.07316335	99.22322337	1
3.457042393	63.69833755	39.58732128	99.98695183	1
4.036395515	73.4987011	43.0654068	99.99821663	1
0.059790999	1.295513202	38.10467273	90.20949186	1
0.060578324	1.442281494	39.50286539	86.22096355	1
2.947980805	16.95621065	36.0296366	94.03074059	1
9.455691984	50.54474955	32.4097847	99.91487122	1
4.240004847	32.62441353	35.19575865	98.31965776	1
11.21475346	34.94675326	22.93326342	99.96191692	1
16.81083961	72.66643524	39.75458499	99.56573922	1
22.3044334	97.55946159	39.87082958	99.99931908	1
6.932523474	20.02615506	28.58766556	99.93110875	1
2.088042663	8.549389648	21.22132206	99.97870178	1
1.980279611	27.60160542	25.88222284	93.63442307	1
0.32506164	5.483775327	36.07696848	97.26369299	1
11.77409929	33.93372941	34.74657249	99.54369481	1
3.138078505	32.83953342	52.15816021	97.46004639	1
9.190251471	42.61766186	41.95858746	97.99169159	1
4.561081841	46.35752705	35.64401109	99.99825832	1
7.245170917	48.21176658	37.25457716	99.54085846	1
6.305878796	54.56994945	42.27725053	90.48089933	1
3.444951784	20.31375146	39.39548079	92.11185455	1
2.771411519	16.04117569	28.73186374	96.91583411	1
12.61264946	74.98957825	35.25805187	99.99987221	1
5.511290346	56.92182318	24.72466572	99.69241714	1
9.583537945	64.58860779	30.03788662	99.99905777	1
3.618803937	23.32692581	39.95368408	96.79402328	1
1.286620335	8.736142896	31.24772897	97.08957707	1
7.499388805	30.85387245	30.44919498	97.75050706	1
2.315974868	23.0816023	27.82865414	98.16303173	1
2.778552424	26.66972854	22.63154078	98.60811106	1
4.21355753	16.45092216	27.86223459	99.61692953	1
13.06332608	28.52436789	27.88828595	98.35808309	1
8.354111023	41.22049314	39.97414494	99.62499523	1
7.942026289	28.4961387	47.3649533	95.59915439	1
8.197807238	40.72298875	37.05390301	98.74714584	1
5.248800625	36.90976743	33.09537776	96.76646487	1
5.023979325	43.03445029	37.70203829	99.98302555	1
4.338058012	31.0722912	26.03200054	99.98148069	1
10.0845658	64.74557082	33.15872977	96.07536485	1
4.719439184	44.70597649	35.24436235	99.99898338	1
8.025976512	64.72829903	42.98693509	98.71892209	1
8.720513819	52.67907763	43.203372	99.99948788	1
9.666413883	67.9896698	37.49611346	99.99942017	1
0.052943882	1.387526743	39.74797249	95.11841715	1
4.79228291	56.8549654	40.30488281	99.90568237	1
5.94803978	42.50448288	37.09772205	98.33152444	1
2.179197863	11.97169972	41.5799799	96.16723306	1
5.519057017	29.80749777	38.9438769	99.97007667	1
5.948612429	26.27131514	44.49977191	89.32544359	1
11.75131273	76.10095501	36.33203125	97.134758	1
6.71681496	69.92739296	29.1908915	99.99763966	1
11.98844978	59.7517771	37.28948484	97.31512996	1
3.199293942	24.61231218	33.48747621	97.72511618	1
1.819787819	15.50277666	39.59970937	99.16045707	1
5.669082313	21.25069547	24.7407044	98.94162478	1
8.884830118	36.43978651	33.63143285	99.91092173	1
7.246151742	38.14052378	34.49699272	99.99047435	1
1.691557025	21.25328523	42.41770816	96.39408731	1
3.00852492	39.69972134	37.5261528	99.96562347	1
2.697696258	30.20665065	30.43664707	99.98784637	1
2.50973943	26.06998587	34.36563477	99.87462851	1
0.867473076	11.19760133	36.35910761	94.79083335	1
0.174542081	2.593414956	36.377065	95.26898674	1
0.245708477	2.501769467	38.52665391	96.56068218	1
1.073111742	11.54943234	38.42186439	96.24036598	1
2.386058614	20.1237157	29.81705704	98.88337351	1
4.866883272	43.36707335	38.70481415	99.99507217	1
8.40956883	43.06451665	33.38500214	99.55534787	1
6.785868637	31.43543836	36.34589064	99.73021984	1
2.31381857	27.63534889	23.96268514	99.84329427	1
7.76595226	34.66537046	36.66065771	99.76502575	1
8.428569349	30.37008247	33.75609242	99.30436498	1
8.718427306	41.85769346	27.73848279	99.36662971	1
9.273273874	31.86608378	27.32677396	99.99533844	1
7.976951658	39.08794646	24.86336621	99.87469829	1
7.328589283	28.76083589	33.75427651	89.69219351	1
3.375514017	26.65387492	25.72671165	96.65985031	1
4.452722336	31.81399942	25.04341015	98.47797452	1
2.206797046	17.08576918	27.47037462	98.77234497	1
3.968098973	20.6667314	32.39233919	98.72942977	1
4.891982895	33.85192943	44.27043781	98.31344681	1
4.051727837	26.61880977	38.2234087	92.96412768	1
4.029576837	23.75949522	36.54695467	96.64593887	1
4.155083357	53.90687346	50.25182509	97.48772073	1
9.931555272	60.3138997	39.61917012	99.9458401	1
22.20027029	62.17464066	19.32189083	99.97304916	1
22.20164288	82.34749349	27.83504168	99.99488576	1
9.598036251	69.8817718	28.61614752	92.79213905	1
15.36003796	77.83088175	24.70873483	99.99950663	1
19.85364897	26.43757121	34.63601112	87.52381007	1
4.527663531	14.48334152	36.24946912	94.55759176	1
3.273365752	18.13773835	42.63728857	96.88128789	1
3.635766131	19.63548803	31.11535031	98.95789501	1
7.602452681	37.96795017	28.14794133	99.95079734	1
22.33630335	62.29139201	26.62628524	99.23623784	1
19.09883856	58.86893315	26.27140405	99.58367581	1
5.307280632	41.39006604	35.25550652	99.99733056	1
4.958789533	40.25447073	33.91102419	99.96079254	1
4.11356799	36.19019965	33.77653245	96.81787648	1
19.11835469	75.77842712	28.14100385	99.99949932	1
12.25975613	45.44510943	23.77966738	99.81916237	1
3.555982575	43.29643402	17.57525406	99.99545898	1
3.931653074	46.2427508	17.8293368	99.99754588	1
3.213988988	31.31635287	19.82617654	99.8140903	1
1.948657388	24.19335519	23.67314682	95.87213516	1
6.459540309	55.40326436	30.19142787	99.89611181	1
7.316715871	66.80038834	33.33247852	99.99939919	1
16.06359799	80.6976738	33.6283679	99.99984169	1
12.50566391	79.73145294	34.16958642	97.50188923	1
24.49140903	76.33940887	30.43873469	99.99970754	1
34.38226681	61.76740646	31.03510237	99.99815559	1
28.9199869	66.96454048	37.94923592	99.99903488	1
16.13475167	42.63960642	32.36008215	99.17975998	1
6.821008161	56.59690312	25.84096963	99.97524697	1
18.84991526	69.31029358	31.82198181	99.99742889	1
12.96175336	52.73604774	31.91873074	99.99643517	1
26.83445217	69.92083168	28.22745943	99.99794006	1
11.09210591	35.67017256	37.30078561	99.06166731	1
13.20561995	33.42905903	48.68648148	96.97433599	1
22.41110622	54.91676826	47.36951294	92.67788239	1
17.51673816	52.87424622	29.9667244	99.99888763	1
8.661005125	64.62881088	28.1670568	95.26441479	1
10.73754345	39.66767556	24.86495045	98.20306832	1
21.4173042	64.76764425	43.37537003	99.99855042	1
19.48034711	57.17588043	53.54006767	99.99898338	1
21.23166186	49.2617321	44.02475452	99.99733734	1
8.06117898	66.64283752	33.16959402	95.93521372	1
9.324044691	65.61494541	25.60686827	99.91898918	1
6.596898768	53.07990885	27.40631312	98.44459395	1
3.933509922	29.29039756	41.92177825	96.49076982	1
5.081876981	38.98144114	46.12826029	98.07584763	1
2.216738607	18.44003201	35.473004	96.66339246	1
1.592389411	11.88447904	40.0254514	99.17098957	1
4.66167391	43.23494673	43.63895137	95.53850379	1
4.922780457	40.64032761	33.03658136	98.28900401	1
4.695763937	23.17605956	35.63145924	94.66204325	1
3.757335858	23.50168072	30.74955058	96.79739285	1
18.76388416	33.80691083	48.31954702	99.99813843	1
19.59781375	36.61682279	41.15352413	99.50107356	1
48.3280337	60.24370956	35.36865044	99.99961662	1
2.701863432	17.63442177	41.72046587	94.09125604	1
2.138425177	7.098415136	26.28726912	95.83518982	1
11.19072902	27.03129323	22.0325489	93.84756215	1
2.478661094	15.59302113	19.83498921	97.24413569	1
1.6317062	15.24865589	36.08584722	96.16917928	1
3.370015003	13.87774982	36.98722501	99.15884469	1
9.705587331	35.02143901	27.44878306	99.39076996	1
14.06276684	74.22461883	29.21545124	95.12138748	1
14.34114611	66.75578117	36.21529452	98.10550308	1
17.54544734	67.74110317	31.77634764	99.99310684	1
8.070537546	35.02970968	39.23410279	98.60845947	1
3.41486183	15.91587404	24.67583357	91.70507159	1
2.200423206	15.67029144	28.4090023	99.86775131	1
3.238877522	36.25671945	32.36034619	93.48983557	1
2.161458067	26.13411919	33.84451326	95.86107826	1
9.807871523	49.34890829	34.15323099	99.79642359	1
16.65374865	60.31404724	26.44343414	98.01752167	1
14.77474155	43.32141883	35.2498139	99.97714887	1
16.20677081	61.34328616	31.64978409	99.86041832	1
19.50177402	76.86264992	28.78020477	99.99921036	1
31.66382932	87.06517029	24.54654121	99.9994297	1
19.37530969	82.52037702	24.68660191	99.99636841	1
13.45893657	65.02264071	36.42016697	99.23873997	1
14.95587585	65.61174011	33.00073338	99.86790212	1
20.78228316	70.81867218	24.45344416	99.99698385	1
21.53824356	74.65244865	26.6912899	99.99509811	1
11.11007932	51.18040478	37.69734263	98.70602989	1
7.575571003	44.2775008	32.04197638	99.89155797	1
26.00042727	85.97163391	33.41185646	99.98095245	1
3.0056427	28.5639429	34.78799896	93.4147934	1
24.55091089	80.0647583	28.1479001	99.99861145	1
23.15565215	80.07651265	25.48214467	99.99841563	1
7.96562698	56.00930299	29.78663286	99.96962738	1
3.832174601	39.69278169	31.19036123	99.69802856	1
15.81562327	78.64350128	29.47355461	99.99978638	1
10.29195347	49.78540611	31.67460442	99.98429108	1
7.453951753	28.35862935	26.83089288	95.9531606	1
9.364570832	22.12736664	31.31865196	96.51048584	1
14.59986537	57.8287518	29.77676535	96.6302166	1
21.48125396	60.2737867	38.9727993	99.13715617	1
23.68421047	71.52540843	36.72088464	96.28862	1
24.28525127	63.37069855	34.48349876	97.4523468	1
35.7128394	87.60884666	33.06111908	99.99576187	1
54.48249466	37.03439331	31.03006935	99.95842743	1
54.80656478	26.49581099	31.55775309	99.9991188	1
0	0	0	0	0
0	0	0	0	0
0	0	0	0	0
0	0	0	0	0
1.71394452	12.84876442	36.48676682	98.21556091	1
5.092499096	23.33760595	48.16154671	98.99068578	1
1.529257113	8.241792063	39.31507206	97.45952479	1
0.066195212	0.956215292	72.89490414	87.31149673	1
0.534351969	4.187045753	46.00493813	80.58515739	1
0.98609298	9.010113955	39.39726289	98.15192795	1
0.869624517	6.875625372	42.2062602	92.9616127	1
3.42456476	23.45835475	54.00197705	94.93314847	1
0.490019164	4.806964149	43.37878492	94.58241526	1
0.045021789	1.048757277	49.50783288	90.64666944	1
0.406588555	5.633551002	58.1903923	93.54279327	1
0.283521816	3.115918466	61.33220182	85.45109231	1
2.238176051	6.569600026	36.41467794	99.73456828	1
1.042870447	5.097559988	55.45124722	91.71917725	1
3.470651012	17.74387593	42.46561661	98.89440231	1
2.308618115	15.05688923	68.82590699	97.58050728	1
2.608882111	16.62747955	67.04813309	98.4555481	1
3.999808121	24.29465723	52.84172603	99.83384814	1
0.315262797	1.698691115	67.32311058	83.56708527	1
0.06689649	1.866628051	31.51880455	64.33909607	1
0.084477074	1.059424147	60.74045849	95.02380371	1
0.076681787	1.095028615	52.87236805	85.10698166	1
2.57297022	26.81280245	55.25293459	99.99462128	1
0.762286887	7.660924207	52.71145447	98.43905275	1
2.235645971	8.854125341	51.68368975	99.05276468	1
0.876332567	9.056773447	55.73986198	98.24800048	1
1.091206814	9.666378236	56.84121169	97.68027248	1
2.457754446	16.07838438	63.28290734	98.18192937	1
2.440017899	20.12613628	46.54583295	95.52076806	1
11.47784914	29.20418653	43.93714229	94.49889512	1
3.409259487	16.70401461	39.99139242	97.66946106	1
4.330641657	18.39222104	41.145204	99.69052015	1
3.114345397	30.01018445	49.91247145	99.99476751	1
2.589649877	39.57613328	33.0587102	99.87774618	1
4.531558645	50.87121582	35.75319923	99.93029542	1
8.131732518	48.92422815	34.02041479	99.04108018	1
2.969143358	17.57445007	29.04173268	97.1340917	1
0.733591737	6.810477631	36.16188948	93.74294411	1
0.037400858	1.077343582	40.74927204	94.00787314	1
0.216432419	3.862640802	38.57057938	94.74264967	1
2.831643776	51.84848826	40.80135918	98.02536051	1
7.441539476	51.54520377	43.92503039	99.21680895	1
6.259259094	43.47088761	40.38278929	99.49382273	1
3.286275683	20.96992803	41.41840065	99.94955206	1
5.965480484	49.41904509	34.68897653	99.56818199	1
1.617099485	14.95706808	41.58054337	96.34834612	1
1.442291808	13.28432771	44.47917191	99.99789492	1
2.975429482	41.1225913	40.88611097	97.6528923	1
2.636006768	22.5505861	40.74944282	99.73414135	1
1.594148969	16.67325026	31.34154094	97.76038985	1
7.210614803	37.40838003	21.06436729	99.99984741	1
0	0	0	0	0
3.289635109	23.36544709	35.90068956	98.75313256	1
3.574196782	25.89610179	35.87675377	99.97028716	1
11.47499629	51.4847438	28.51514844	98.60420445	1
6.251612077	34.42832456	29.89611721	97.76454108	1
6.003021114	29.85127771	27.76311445	98.36733723	1
2.848693159	12.83951721	40.98247185	93.47609558	1
5.228438287	17.97238413	35.54514949	99.99820201	1
6.777252907	41.47395706	34.51747622	99.87615422	1
7.064357979	19.15612087	29.13246765	99.93223368	1
6.732779064	21.00320491	27.98988008	99.94805861	1
6.511929829	20.92445314	25.39239216	99.28116226	1
0	0	0	0	0
0	0	0	0	0
4.592462034	18.17838534	41.50995255	98.92560577	1
6.801493804	34.85296416	41.53236294	99.99935436	1
7.24268563	40.94960928	41.53828859	99.99863529	1
6.992675517	27.78956686	48.59305082	99.99837712	1
11.01104838	52.38586998	50.42058086	99.99968147	1
5.832590158	39.42273102	52.14288635	97.2696701	1
9.743673229	63.23859596	58.1390667	99.99916077	1
11.18301368	41.6354955	48.27517446	99.99795024	1
11.07324413	43.23310089	44.5315567	99.99797058	1
3.065540481	27.68503475	42.15662384	99.99769497	1
3.024208561	25.81847167	48.27853918	99.99764633	1
2.969560292	26.27494431	47.52190733	99.9968195	1
1.890046865	10.46859102	52.95615768	99.82734833	1
2.73566986	15.27953529	54.3643074	99.99513245	1
0	0	0	0	0
5.539036166	25.41948605	50.70845509	99.505373	1
10.24401244	26.37252045	64.04463482	99.99963188	1
2.696702456	16.43227804	37.6013546	99.86210251	1
3.114070832	20.92731094	34.88074493	99.99369049	1
0	0	0	0	0
0	0	0	0	0
0	0	0	0	0
0	0	0	0	0
0	0	0	0	0
0	0	0	0	0
13.10140491	70.27470398	32.27443218	99.99836731	1
12.89939114	65.98677444	28.87292099	99.99787903	1
10.85289408	62.33665085	26.18678951	99.99699402	1
0	0	0	0	0
0	0	0	0	0
11.66774524	67.22731018	25.80421829	99.71888733	1
10.17107383	63.29110336	28.65558815	99.96248245	1
5.206713026	31.69190271	34.12391717	99.79037585	1
10.98944375	34.88322525	34.0265892	99.99620056	1
9.64809369	47.7829148	37.43726158	99.99345271	1
5.288408759	33.87620871	36.61475481	99.99954224	1
4.418741391	29.19270134	36.1962045	99.99970118	1
1.860207057	13.81133385	39.76483383	96.49024124	1
0.519769771	6.024070578	40.27388921	93.70208965	1
2.069857398	14.04066277	25.02058105	96.26799927	1
7.048204742	25.59689848	23.50391992	94.23774465	1
0	0	0	0	0
0	0	0	0	0
0.957789392	4.470659358	36.22579888	97.31396212	1
1.7121282	7.651904527	37.19207225	97.69792759	1
16.7648526	67.22731018	30.11967134	99.97698975	1
9.852657629	37.4941678	34.80444527	99.99988174	1
9.61212948	47.18088531	37.57962942	99.99985313	1
9.474347598	62.27313042	42.385849	99.99960995	1
9.829129699	51.4412117	44.84585667	99.99962616	1
3.382167666	19.1617053	35.00487137	99.79465294	1
1.776137642	11.68032765	29.04039001	99.13097229	1
0.622556182	6.429770529	30.53713405	99.50238752	1
2.740528363	12.3757981	34.96661394	98.91159543	1
9.891580561	49.65757084	37.20492999	99.9685688	1
10.56537383	41.78329897	41.21268463	99.99912739	1
16.3621058	52.08306274	33.99659882	99.98641815	1
11.28503281	57.73485947	36.91312313	99.99969101	1
24.12750315	46.07141495	23.16680241	99.99129868	1
23.80008301	53.33004761	21.02787352	99.99322319	1
19.01215787	44.7587883	26.35403366	99.99570007	1
15.34773941	41.3759861	30.78433196	99.99636078	1
6.057669457	24.85195295	38.65832866	98.23221449	1
17.6909995	93.62906392	29.96839523	99.83600362	1
12.74420671	70.94791794	40.48020887	99.99978828	1
4.691198799	40.60493796	27.55200195	99.99127851	1
13.67568145	71.16160456	32.67084281	99.99961853	1
13.80676446	77.63187981	32.7118659	99.99848557	1
12.58877504	68.1360906	38.86447207	99.99985377	1
0	0	0	0	0
0	0	0	0	0
0	0	0	0	0
0	0	0	0	0
0	0	0	0	0
0	0	0	0	0
0	0	0	0	0
0	0	0	0	0
0	0	0	0	0
23.74689272	80.89545822	34.91952324	99.99988174	1
20.98041875	47.3027153	29.1740818	99.99962616	1
0	0	0	0	0
0	0	0	0	0
0.144961274	1.048490167	24.84550285	99.84906006	1
0.335900259	2.146669209	28.84039783	92.71741104	1
6.345408776	36.61043921	32.52501337	97.19524638	1
9.221243768	32.17588329	36.62422347	99.99911022	1
0	0	0	0	0
0.564800917	3.301856995	34.20000839	99.98501587	1
3.351261845	15.42010736	33.55527973	99.97231293	1
0.227691707	2.267708677	61.66296158	96.49849625	1
0.912957642	7.674316702	36.82935416	96.26008871	1
15.12052933	86.86019135	41.39482498	99.99912643	1
0.909578984	6.847285557	44.91799164	99.65077591	1
1.056017615	8.075310707	45.95535278	99.90320587	1
15.85982704	86.86019135	26.90267181	99.99915314	1
22.92811062	85.41756439	28.59288359	99.95464516	1
0.986937248	4.789057452	42.24242853	97.55250047	1
0.382926404	3.100696319	45.00318644	97.38399599	1
0.089077153	1.329499789	44.54722937	90.77094031	1
0.160432889	3.227937202	39.17527387	99.39224822	1
0.222440152	4.604818995	35.21982221	98.91041146	1
0.250947359	5.846852572	35.75499537	98.59638868	1
0.232884525	5.203779134	35.24660722	98.68489596	1
0.202064503	3.899909789	35.01076907	98.70930104	1
2.136091939	10.74450912	36.92359484	99.46533034	1
12.52368336	44.41376324	47.96051025	98.39316406	1
19.24706877	85.55467415	28.33913755	99.99997139	1
18.03545698	53.3149811	40.25774336	99.99266243	1
15.55727709	37.02257373	38.77113585	99.95220878	1
6.258429405	54.0407456	38.55082975	95.77192797	1
7.908202814	81.82365227	38.46287727	99.99985123	1
6.19857932	45.40172332	41.87007468	93.32914952	1
3.962634852	24.70733588	42.61116437	97.82606615	1
2.898684596	27.77973048	36.73786367	96.93586019	1
6.196486871	57.55180958	34.73853547	99.99889483	1
13.5774541	43.60124037	41.99938096	99.97701942	1
16.6179449	55.91669047	40.84689903	99.63827896	1
0.184254051	3.133970048	33.35516143	99.00426515	1
0.346305633	4.073617275	33.62618184	99.0395522	1
16.06737682	75.46159401	30.49709511	95.67945251	1
16.59791509	62.19098377	30.86430454	97.32642492	1
19.08299662	85.03271294	35.42233276	99.99971008	1
2.007811335	14.71525154	36.41163196	94.65260464	1
0.307761521	3.931953337	34.92388456	94.99010457	1
14.39664063	88.2378095	51.71793811	99.99988937	1
11.7982882	67.65041796	43.95682494	94.43097305	1
1.024896905	14.60913562	37.00794706	99.34894316	1
28.90563484	73.32209778	53.69031906	99.99951172	1
24.59015651	54.09320374	50.94266205	95.15570831	1
21.70810733	63.12795575	54.96512349	97.2137413	1
33.70095291	73.44111633	52.88642883	99.99894524	1
26.88848991	60.78509235	54.04217606	98.68703308	1
31.27202683	70.1141777	55.67961884	99.99616241	1
19.88935253	49.24429469	40.37760696	94.428862	1
0.281612068	3.125603724	40.3888087	92.84597753	1
0.313977228	2.355026841	54.50536474	83.37251822	1
7.982174923	23.28507233	57.62865957	92.27907562	1
11.57672962	22.95179003	45.99517965	99.02085209	1
1.722396731	12.7473095	47.14945539	94.374172	1
0.169217182	2.188522498	58.0909373	87.55844371	1
2.120965662	34.78933311	30.38887072	95.54288292	1
23.79213134	88.97463735	30.63739967	99.96794383	1
0.064424125	2.069322904	60.90045547	83.06777954	1
15.5101085	61.02171326	37.61876678	99.93187714	1
14.64765721	46.02980042	13.97293854	96.99165344	1
0.136083152	1.048490167	60.64181328	95.52776718	1
0.420074972	3.587739587	42.72568607	84.31266022	1
0	0	0	0	0
38.52513342	95.51618958	39.92235184	99.95565796	1
1.936984755	6.173268955	55.27127417	92.83940296	1
6.098927672	24.26515963	51.50680525	95.3129758	1
9.133612495	24.75254858	47.00450096	93.35153961	1
38.01098725	53.28342183	37.20590782	99.65633901	1
0	0	0	0	0
0.202574944	2.551227927	66.57046254	79.95201874	1
1.150796754	8.23158825	63.35860988	92.33758799	1
8.290732957	65.35388947	34.98759842	99.85026398	1
20.64039474	83.51737976	32.3295695	99.75425975	1
12.35252512	70.81867218	51.97424062	98.85636139	1
3.880264559	53.44943959	53.01339793	97.22450078	1
0.471168537	5.265501986	33.0396235	90.14492798	1
1.532301232	14.10932986	46.32342529	91.3875885	1
0	0	0	0	0
0.059642723	1.341857909	36.50114578	94.30459745	1
0.339903547	2.537550292	36.46134644	95.48310744	1
2.954909462	12.70110588	39.70213318	95.90826569	1
0.740775112	5.988386043	49.83670915	91.66786601	1
0	0	0	0	0
0.018637169	0.784641623	28.94228172	87.48419952	1
0.019036184	1.048490167	55.3324585	60.36850357	1
8.233966819	42.61597347	50.42432785	99.99963951	1
0.117162584	1.22415036	52.10794067	78.92935435	1
0	0	0	0	0
0.176322565	3.055944896	50.13110275	83.17259064	1
0.379728842	2.534720629	38.62876701	99.48394585	1
1.478440675	12.84876442	43.18462372	99.85936356	1
14.69139546	32.20803452	48.58507919	99.42753601	1
0.409995296	3.301856995	24.50316429	89.60336304	1
0	0	0	0	0
8.279363484	40.51961021	44.38509903	97.35388336	1
18.61811159	73.66572053	44.18311446	95.18987819	1
6.446011606	38.89601135	51.47413635	99.99455261	1
0.925956353	9.912903786	33.2770195	95.68875885	1
1.205188795	26.56767273	27.03993225	90.05753708	1
0.283046388	1.399810553	69.90565491	69.46697998	1
0	0	0	0	0
0	0	0	0	0
0	0	0	0	0
0	0	0	0	0
0.109907825	1.914897799	53.52190081	97.24620565	1
0.10070118	1.608273402	57.42739487	90.07268429	1
0	0	0	0	0
0	0	0	0	0
1.915956947	12.94860714	60.7261437	92.25420489	1
2.109111345	20.95628554	42.11772719	99.23419789	1
0.72010013	8.687092802	50.53469789	88.71017742	1
1.03400411	11.87641092	52.96096611	91.32563647	1
0.610954867	4.968124375	56.60044782	86.01103723	1
0	0	0	0	0
2.772281146	21.79410527	40.65981738	87.56250381	1
19.10326227	59.6759491	30.10796547	96.72250748	1
0	0	0	0	0
1.022933561	2.893527865	28.25017929	85.27945709	1
12.91591581	69.24934387	53.54448986	99.99958992	1
13.34180796	78.90438385	50.00786743	99.99970856	1
13.5219468	67.22731018	18.78681564	99.99977112	1
11.04274455	23.24433746	31.55611076	99.39146576	1
11.96438909	22.41740191	33.05559421	99.99965477	1
10.58718785	34.8050677	61.557326	99.77457174	1
22.40877099	11.87014421	29.91489474	97.60282389	1
11.32681862	30.54117997	37.27270317	97.90950775	1
5.342806248	25.54167816	43.81983905	99.2422604	1
0.299737588	2.881130113	38.32139905	96.04673615	1
9.256026943	18.78235176	47.10230086	93.01439158	1
24.75907477	64.62145424	36.04452848	99.94625092	1
8.305815802	33.52489471	38.99201775	96.02962608	1
0.528857901	11.70625484	78.63148117	98.48442841	1
12.97613265	59.13255056	35.58697669	99.99988302	1
20.64211973	40.67501767	22.66637135	99.96218109	1
29.82842703	67.22731018	35.10990906	99.98942566	1
17.63396728	36.81528982	40.9070371	99.99988556	1
16.7001321	46.22448254	40.49125957	99.99992371	1
6.674659534	57.88609028	51.22858429	99.99513245	1
14.69711546	53.20404461	33.08149011	93.91954259	1
11.39392817	29.08133706	34.95502507	94.58537015	1
12.36364252	22.7465655	38.02048874	99.99159495	1
7.747096906	26.25048288	42.84303814	97.61987729	1
10.04871663	51.40569687	32.28551579	99.99020767	1
8.665327371	62.29199123	40.19831848	99.46831894	1
17.81612129	53.33004761	47.85251617	99.9998703	1
0.258261386	2.68984672	56.89130947	93.67181179	1
0.031575018	1.048490167	42.37096278	87.68365733	1
0	0	0	0	0
33.52441121	33.66002059	39.2276659	99.99222755	1
12.84569036	86.86019135	35.17988777	99.79535294	1
0.245655951	1.995015363	58.13936996	94.64945348	1
28.67903827	84.41914368	28.19452953	98.43225479	1
13.47161097	57.4943074	36.83447504	98.08647919	1
1.45873345	22.76246632	60.48941182	98.98073818	1
3.812583875	21.88789823	47.73916329	97.95719401	1
0.208693065	3.62494594	43.99930035	97.33711742	1
0.217062652	1.906582781	65.27096659	99.06838873	1
3.872586414	25.91576558	55.42650458	96.27126371	1
16.11392857	40.37229359	51.7609756	93.49250126	1
27.56198628	83.14741516	55.24083328	99.99974823	1
30.7023495	63.85886383	21.17208385	93.76602554	1
9.186879327	53.32996114	33.320659	99.98901622	1
0.101345828	1.873559334	35.40694844	78.948959	1
0.098408157	1.626224405	31.72058932	86.04217445	1
1.923393361	12.08245888	43.15946174	91.32197285	1
1.049432177	9.888875768	52.27776241	91.13021183	1
0.268900548	2.189431866	62.86444219	95.91673533	1
2.533042773	22.05918188	57.0688506	97.82609142	1
2.357069054	9.083314776	59.14925467	98.58008201	1
29.50853754	79.72766113	69.30714417	99.99967194	1
3.107476007	39.00746441	45.53321648	99.98952293	1
6.828685516	56.91023254	41.47601318	99.99522018	1
0.411365146	2.495290794	37.46710246	95.32629994	1
0.112246212	1.873062457	39.36802637	98.22588578	1
2.402309749	16.42821597	52.56284479	96.63513184	1
0.298125667	2.886185487	61.6092509	89.73553569	1
0	0	0	0	0
1.506718629	15.71372385	47.31903229	99.74621277	1
2.996455563	13.11136252	46.67233889	94.16864232	1
0.110906794	1.212117743	54.80622787	94.99849854	1
0.154627303	1.95278664	54.35234251	89.06808913	1
1.131730555	12.84876442	22.57092857	98.24555969	1
1.488304815	5.696127653	47.96075567	72.39541499	1
5.212350023	5.775668621	60.40613174	99.50028992	1
8.612053416	26.735129	53.00129747	89.6313324	1
1.922364617	12.245399	50.76168594	90.64069824	1
2.499942979	11.6352354	47.78445816	99.95157928	1
0	0	0	0	0
0	0	0	0	0
1.206665771	5.776349049	45.08528378	90.24049337	1
0.088512081	1.869295537	50.66027009	86.502738	1
0.243011868	2.615402174	71.31955032	89.68942108	1
8.242966124	39.76488485	51.59684181	94.6129921	1
3.815371285	12.21601526	66.84522851	93.91251469	1
0	0	0	0	0
14.22831732	41.86111546	31.23424911	87.38261795	1
14.99959327	29.66586152	43.83911705	82.73238525	1
0.817606121	3.929244114	58.50356029	87.69099415	1
0.943760773	7.237892766	57.73621007	91.88367511	1
2.09452765	20.74680882	52.30187757	97.68799564	1
0.479714897	3.871994812	53.37433309	94.58256597	1
2.131057182	11.40071099	56.9560008	96.83183479	1
9.384903998	52.74930318	51.32896678	99.79773458	1
5.558237411	20.92731094	44.93332672	99.98718262	1
5.85063531	75.18736267	57.14592934	99.89655304	1
8.211260626	83.14741516	44.27295685	99.99239349	1
1.406358266	17.62678258	43.91745758	99.87364197	1
0	0	0	0	0
0.833734849	4.119800636	58.24528449	91.30350712	1
1.74323619	11.5738772	54.91327449	99.103302	1
2.357619191	26.17736816	42.45516205	99.64366913	1
2.138637038	16.49492073	44.66136551	67.33956146	1
0.321918347	5.775668621	68.22145844	88.09223938	1
0	0	0	0	0
15.98788249	67.13051224	43.03551261	87.46153323	1
8.433823668	34.85043865	57.0911755	99.55591753	1
24.18496743	92.22801208	58.84464264	99.67436981	1
7.936678704	23.96021576	57.95993538	98.69764709	1
3.344898451	18.3717775	51.43008089	87.11668301	1
16.15639348	72.27855988	50.42990227	99.96937637	1
10.20144309	35.20028767	50.882194	87.99797821	1
0.111861385	1.502536491	55.3823719	85.78833151	1
5.400867628	25.4085207	47.12450027	99.9971571	1
5.735261903	18.54269692	55.96379738	93.08599854	1
0.262646861	3.198134818	52.96490004	99.08743398	1
1.293883113	6.815565121	53.14937599	98.90085648	1
13.95983932	70.08404986	44.87659709	95.24637858	1
13.03801558	61.26497902	42.11289007	97.79282379	1
2.238647803	9.139901002	45.65220184	91.77432098	1
9.634375656	38.24926003	42.13806616	92.97714015	1
10.24184837	39.51729584	38.26916776	95.68213327	1
20.10991348	56.0271616	28.60732937	95.56912804	1
0.292821302	1.921091286	58.74870781	88.77634982	1
0.329172504	1.633219302	56.63946533	94.18413162	1
2.517948855	36.24970284	59.41792831	97.22062454	1
0.622108591	9.697689395	58.55705482	94.08355432	1
0.714188506	6.708918198	54.12560003	95.46519019	1
11.56552698	46.40953716	49.25545057	98.26749293	1
18.40055268	70.26921109	44.0571943	99.94766235	1
9.272318888	17.48358305	38.64953232	90.05948597	1
3.404738146	9.698951367	43.95387201	88.79285774	1
0.927480384	10.61346091	38.38931698	95.75603231	1
3.622376206	18.89157096	45.42492302	96.48965953	1
5.469772883	25.65821473	51.87803968	96.58687719	1
2.153539619	18.48443912	48.42508425	96.66845158	1
3.324422407	23.20437373	49.25940822	92.61534882	1
0.885981583	7.488278455	37.30245609	83.31937599	1
0.273283224	1.711662928	28.52259445	83.16274007	1
0.426438359	3.468211985	48.01750353	96.57629294	1
0.769667534	5.073254668	46.14287735	98.64428039	1
26.62039811	49.72153854	30.3136878	83.97992516	1
23.08351821	92.17175484	43.06281853	99.99310493	1
0.559337605	4.99919657	51.38280845	97.99722505	1
0.779271644	8.83378885	51.49827164	94.95864085	1
1.558514586	7.347038825	43.91067918	95.0529213	1
1.32103659	9.031696677	43.7433691	88.6516819	1
0	0	0	0	0
0	0	0	0	0
18.96967673	54.24371433	48.36088753	92.50247955	1
1.523363435	7.417059308	57.34867458	87.91203194	1
0	0	0	0	0
5.155225284	34.22056834	44.25210381	93.40300496	1
6.017022224	42.35912237	50.77304764	95.89389343	1
2.724714273	19.14325186	57.06693141	95.35686811	1
0	0	0	0	0
1.974065461	24.9062295	63.58475876	99.98378086	1
1.821348595	27.41294359	60.62750626	99.83962606	1
0	0	0	0	0
0.210844746	2.43608619	51.5522501	98.66076508	1
0.223972434	3.127932608	52.4216053	98.7363945	1
0.512042793	3.207775289	52.86837127	92.31096493	1
0.357377888	3.921503558	52.91335832	95.80758667	1
0.16128182	2.089327115	58.97848793	97.85969307	1
0.292172098	3.064338535	44.60707593	93.81774616	1
1.754681325	13.58454249	58.26137983	98.8309913	1
1.193417261	7.589449883	25.04406357	99.02984619	1
5.356672808	33.48043589	51.61832762	98.6491003	1
0.79839198	6.699531298	59.76388806	90.06130338	1
0	0	0	0	0
0.048532517	0.960540652	36.87659454	99.14841207	1
0.04844437	1.268065408	61.25042057	98.66880894	1
26.73429843	75.98279953	22.08565426	99.91619873	1
28.89513096	65.98677444	27.42679882	99.98332977	1
44.30543155	53.34781933	24.08272552	99.22714996	1
6.286541979	32.20803452	62.52204895	99.99978638	1
3.447829257	24.17080858	57.9970576	93.84707133	1
3.597324332	34.84844351	54.18585277	95.28134537	1
23.53362628	91.90396729	35.16020393	83.75681229	1
20.84448329	62.37826538	55.29437637	99.99945259	1
19.10824636	37.52994045	43.81053925	99.97976557	1
22.05788012	46.98570848	33.36375809	86.09413815	1
16.81095402	59.75332832	36.14422417	99.98586845	1
8.032048698	29.19270134	30.43545055	99.95541382	1
5.790322661	38.53966885	47.73205185	99.88391266	1
3.40354841	15.88228655	53.03745981	96.56417639	1
1.398542277	21.49136045	58.29176287	96.20318118	1
10.43174547	45.20581551	47.22437592	99.33084412	1
3.177522023	16.42145659	51.86957051	99.36203003	1
6.675826934	31.89369755	50.47970467	99.33955765	1
7.101909203	30.4870189	56.59016128	99.49746777	1
8.567978269	32.24044394	53.63801352	99.9717865	1
2.615997483	16.05097331	47.13959185	98.26588101	1
4.08318023	12.84876442	43.24239349	99.98984528	1
3.652710014	18.25611165	43.99714622	96.41406479	1
0.943115395	10.5335538	55.60783421	99.87700202	1
1.417141014	9.428838577	57.80118011	97.61830231	1
0.228206389	3.49730351	56.41989822	99.16617889	1
0.725138971	4.737508237	57.00528284	98.00644129	1
11.27298197	44.05954647	57.00625738	94.02985128	1
12.84422062	50.21714176	59.50307014	97.03348957	1
2.246001019	19.00393424	58.73623848	88.87907791	1
1.35377791	9.365408954	55.06108244	86.17258875	1
11.26444843	68.88755951	63.16159058	97.17867737	1
15.66030176	57.37524414	47.12982051	99.06109873	1
8.663647009	48.02773539	54.02399614	98.40339067	1
2.019707968	34.43736013	43.58767255	99.87393951	1
12.88619678	52.16219902	57.90754827	99.99916585	1
0	0	0	0	0
4.100332731	20.33912744	50.61730067	90.92341105	1
0.308549116	3.548210321	59.62626196	96.98932365	1
0.164629851	2.2329027	64.98029468	95.23500178	1
1.976360945	13.11667109	50.10733096	92.14939499	1
11.03737353	23.04036951	51.97062969	99.88986015	1
0	0	0	0	0
0	0	0	0	0
11.72265607	9.912903786	42.70851135	99.99878693	1
0	0	0	0	0
0.016012001	0.672815693	51.51362262	80.59907432	1
3.189370032	50.64559555	32.83979645	97.09724579	1
0	0	0	0	0
18.89398552	78.5410614	31.50731277	91.77043152	1
27.97526171	68.23873138	48.29904938	84.6543808	1
21.12140491	46.02980042	36.00801849	95.98810577	1
0	0	0	0	0
44.3694459	67.22731018	62.9367218	99.86353302	1
7.646281964	53.33004761	30.70783997	99.94655609	1
2.544747418	12.29779047	63.67929224	84.23462384	1
4.177154881	12.90741339	59.93848773	88.54618427	1
5.619518601	38.49056202	49.6767071	98.35125104	1
2.345443073	24.89111975	56.30181351	91.49987534	1
2.564326945	11.39483641	46.62987147	97.00061637	1
0.169414488	1.766902116	44.9244168	92.21538544	1
0.300509467	2.484808588	49.61997795	95.53325958	1
4.924961293	64.49897603	52.26161303	99.99425071	1
0.499134436	5.447279308	55.85879733	97.8133537	1
4.060631362	23.33047416	49.29578654	99.68836975	1
0	0	0	0	0
1.282223883	13.02633834	43.27639961	99.98501205	1
0.217304067	2.456687212	32.46064138	81.68094444	1
22.32833761	78.7633013	58.10481535	99.18618774	1
0.213099145	3.824819724	55.06622442	85.5170517	1
0.054969335	1.056698063	57.23650859	90.3380708	1
12.16357592	31.89952517	57.19740868	95.18522453	1
0.561835259	4.529069781	54.6156381	96.73049291	1
8.700309336	55.10923995	40.55357962	97.9771259	1
4.229389389	37.94721737	45.82967148	99.16307907	1
19.9312481	76.85336304	53.99026998	99.98499044	1
15.88427745	22.52839947	28.73938656	99.98334885	1
8.874498737	53.33004761	34.91857529	99.99785614	1
4.196695163	34.48834715	42.04595108	85.42266388	1
6.463229376	16.49492073	63.13805008	99.99834442	1
5.637521	53.33004761	74.68669891	87.88677979	1
2.759170047	17.54874961	36.45477359	87.85967255	1
8.342962652	21.73262533	28.37259483	90.76386007	1
12.46421308	46.07141495	46.22923565	99.99905396	1
24.03525637	58.10362752	33.15903028	99.99539439	1
17.56487779	20.92731094	62.43627167	98.29741669	1
1.523428707	9.912903786	45.83097649	99.96920395	1
18.27814101	60.49041748	45.97003555	99.98920441	1
17.32875495	54.08028739	40.78470176	96.65998622	1
22.71232858	68.78707631	38.37256495	99.99554698	1
12.05669987	81.44632912	63.7906208	99.99963188	1
12.78732922	73.90085793	55.88397312	99.99964905	1
17.91785732	55.94843515	34.00791391	97.94415029	1
17.1833816	64.24096457	34.01424758	96.49136861	1
34.43780348	79.36732292	47.19903088	99.99878311	1
26.06777652	77.84362602	34.75064468	99.99914742	1
21.57853107	70.27470398	33.37632179	99.99660873	1
5.896832026	44.91592534	77.99167379	99.97983805	1
15.71095887	78.64350128	54.33179092	99.99985504	1
28.45245114	70.93356705	39.78382111	99.82685852	1
0.408574962	4.538762808	32.91343307	83.65168762	1
0.435214083	2.951233996	42.47800057	90.99458968	1
0.911885647	6.844187678	35.21158054	94.84239618	1
20.48851902	81.37174988	52.56346035	99.42298889	1
0	0	0	0	0
0	0	0	0	0
0.011539966	0.685718685	55.28640366	77.50811481	1
0.01314417	0.685718685	59.06745434	88.78466797	1
35.35156077	81.5884552	31.10824013	99.99714661	1
1.405969926	2.96024429	56.95071778	86.79236935	1
1.590565598	18.35561677	51.82203936	85.31857594	1
11.14149157	47.69241142	40.50110703	95.53102417	1
0.101004015	2.367328107	47.44151634	88.78161386	1
0	0	0	0	0
0.044378681	0.931192303	52.78709997	77.9926651	1
0.038245688	0.984393893	55.02966898	83.64941967	1
0.119265074	1.260211535	55.90468493	93.68567696	1
5.505780768	35.149579	55.88147202	92.30929642	1
9.669967629	28.45717352	54.51697922	99.99087316	1
3.533780941	15.34624832	45.14022843	97.32006041	1
0.741188541	3.301856995	28.90781784	70.61244965	1
36.58878573	66.90625763	39.51640701	99.51426697	1
0	0	0	0	0
0.048839934	1.322582692	58.74089349	83.22523247	1
5.892761931	61.5134449	51.06898499	99.9671669	1
9.595699981	83.14741516	32.10681534	99.58403015	1
0	0	0	0	0
0.434935547	4.186827376	47.75635242	96.87386799	1
0.025367701	0.911384771	51.87855647	80.87379221	1
0.305144442	3.733600438	52.61499119	87.06785965	1
0.35147705	3.412079394	29.68762112	88.24528503	1
0.148892034	1.811749067	48.82438987	94.43303125	1
5.099581614	27.55987668	55.9037075	97.14484215	1
32.25077522	62.65609487	45.82563273	99.93085988	1
12.88605796	38.1557869	45.30355949	99.92713165	1
2.915084812	25.69869005	43.194995	98.781277	1
0.526965837	8.090469741	37.67832873	96.66440406	1
0.047751334	0.967589851	43.77805064	86.96346518	1
0.02006811	0.834647509	39.59728161	86.7588505	1
0.061352459	1.411616666	47.8325585	83.07705144	1
0	0	0	0	0
0	0	0	0	0
0.020335802	0.784654095	60.31135046	80.99965433	1
1.887411842	14.86608672	40.71786976	99.5511837	1
5.845356754	26.07748404	61.31986542	94.20908661	1
0.208900698	1.492641198	64.84647485	86.86497308	1
18.66235792	66.40028636	64.01555888	99.73660787	1
9.715294768	18.32323424	54.52466202	99.54028575	1
10.11277908	55.34103012	46.69961395	98.28207397	1
7.525759171	41.15499401	33.3870999	99.58308919	1
12.27696592	72.65900803	30.92290847	91.52310435	1
16.86896598	70.27470398	29.98585463	99.9758606	1
20.20563368	77.28652191	45.08394623	99.99829483	1
11.34756386	63.86211205	48.86736488	99.95623016	1
0.077201573	1.336676339	54.16105982	87.4349342	1
1.362175435	8.075310707	30.91358757	91.56768036	1
0.162373949	2.807683229	55.55537172	82.23127157	1
0.376742549	3.854241451	44.40424983	91.17914073	1
0.080177906	1.756804351	52.13495216	95.97327485	1
0.079577668	1.728146626	53.49383634	93.92521475	1
24.23262404	51.29836528	52.66335551	93.03648885	1
13.46701538	36.23154959	55.78936005	97.97290802	1
2.292925401	18.6920725	53.62317	98.57396274	1
26.59588285	50.64878925	46.32311058	96.60469564	1
8.730512157	40.84825277	56.56108517	99.90336524	1
10.1756952	58.25965805	49.87920799	99.96132507	1
12.07048394	44.12120104	43.02093792	99.50162506	1
0.049131639	1.262160072	48.75246884	89.49381432	1
7.499017581	19.019436	50.4610353	95.84102376	1
0.20341296	2.954110271	40.93741247	78.42842187	1
0.166727803	1.881021741	44.1634793	88.72711423	1
0.030331922	0.718692998	48.90542475	69.54430898	1
0.026585833	0.738984883	51.21799469	78.05354691	1
7.279302018	17.93605847	33.46486473	81.44151306	1
9.547507759	23.21895862	34.17927694	99.07974815	1
4.27461416	46.33158692	42.89813786	99.24124603	1
2.043057294	15.41260141	52.99276911	94.4435185	1
27.38300509	71.87033844	49.70969772	99.89429728	1
2.598932143	19.68248034	48.07782427	96.64406204	1
4.257344358	18.43533348	47.68728846	89.76273069	1
0.163223393	2.453453216	56.61106006	92.06952875	1
0.134384855	2.043249309	48.78550148	80.21409416	1
0	0	0	0	0
5.890554305	53.87068261	52.31193542	96.88275231	1
14.68568214	60.49041748	51.00520706	99.99913025	1
0	0	0	0	0
0.190981666	2.318623707	51.07427979	95.35447979	1
1.955228312	13.5237016	51.89392614	96.40301514	1
2.023537215	27.06802416	31.55963114	96.8129798	1
4.692106513	14.76186932	43.17091391	86.86105813	1
0.734988756	7.143870354	43.24810982	99.81875229	1
2.260641104	19.89407219	51.66662656	95.35280609	1
6.780711135	52.64491272	50.44200982	99.95030382	1
0	0	0	0	0
0	0	0	0	0
1.757524309	14.33163285	50.71951628	96.99059391	1
0.617542609	6.442067439	47.46568484	94.02454603	1
0.558148828	5.664864617	44.68739469	88.26256779	1
0.921739149	8.785961738	55.1735922	91.56276233	1
16.65780518	36.44300747	53.85661621	99.99660492	1
0.527413782	4.598193049	52.08872223	95.20507258	1
0.84621657	10.59463964	63.57518427	95.17750188	1
2.558069146	18.26960277	41.84309413	98.42390238	1
0.132430852	1.890407585	52.26808239	95.55975521	1
2.516707045	24.82323478	40.87604109	98.89623006	1
17.81776674	60.38721466	50.42529678	99.44765345	1
3.281778106	16.87450042	53.82040539	97.5746048	1
0.308957256	2.535986082	58.86960754	95.5462499	1
0.167872225	2.177933209	59.13373136	97.702278	1
1.786139938	23.78881779	57.36474454	98.99409541	1
0.177288219	1.379795657	50.94690092	91.6479136	1
2.687694293	15.37878904	43.86551476	96.84982758	1
2.730316472	12.56344122	51.16497374	96.72608376	1
9.838990862	35.13950019	32.57485924	95.42956848	1
26.64106743	89.67742996	37.67315464	91.93442459	1
24.24719393	69.47228146	58.57398558	99.99041939	1
0.020336483	0.735899337	39.22284997	92.24564196	1
2.23909698	14.41199697	52.91091946	96.59370177	1
0.855355473	8.013266156	51.05076118	98.24737023	1
0.905965878	6.110817036	50.40552579	97.86696434	1
8.662407118	32.19770181	31.29167032	99.99757004	1
14.54343922	50.4401474	23.34625664	89.26001663	1
16.01138669	54.12989971	23.90064866	92.86466871	1
2.357019734	7.409131998	40.21209259	89.8227581	1
0.014000429	0.664124378	57.75321177	81.06435421	1
0.012910484	0.635471348	61.1717235	81.66829989	1
2.794803556	18.57142909	42.65832539	99.93090439	1
4.88077487	26.49753571	28.36433601	95.32307625	1
1.003672352	7.447842598	29.7596077	96.52199326	1
1.813562346	4.914716179	31.90314778	94.29756442	1
0.863743655	5.284627157	38.72461264	99.68228204	1
1.662562157	9.410236343	38.97010905	99.32465973	1
7.079011997	37.23848343	35.82069969	99.99915314	1
7.129019049	21.98298438	36.44860395	99.93019358	1
0	0	0	0	0
5.79608963	20.92731094	33.49037552	99.98298645	1
6.657779786	30.70036793	37.13480091	99.99962807	1
6.965372476	33.88002872	36.12877083	99.99992943	1
6.044574835	20.92731094	25.01150894	97.63165283	1
0	0	0	0	0
0	0	0	0	0
7.759845395	32.53668976	42.77779579	99.61529922	1
10.07095193	60.34925842	39.03453573	99.99826813	1
7.397498169	47.89647675	31.76301384	99.99992943	1
0.887388484	10.23571783	36.73975396	99.97247982	1
1.998485639	16.26783252	36.33022912	99.94653193	1
2.80336008	16.7295057	31.28928304	97.64521122	1
3.065295274	18.95438528	29.02970743	99.98846436	1
4.636762082	24.68481926	28.73013254	99.81912093	1
2.907505771	6.701283985	30.01652188	99.20072428	1
4.26769382	14.69952432	24.15256389	99.93807348	1
10.53525634	18.24028826	29.04951429	99.83211327	1
3.747720104	13.78429816	40.75815811	92.66744995	1
6.911834662	18.70988957	45.84846369	99.24276479	1
20.8734747	49.68656921	47.00674915	99.99095535	1
11.05487834	51.37079239	44.76374245	99.98162842	1
13.75440049	42.46290588	40.71519661	99.99993134	1
14.28468159	36.92484156	37.87349955	98.89401118	1
8.347633487	40.16504555	34.88550396	95.98973389	1
2.906127376	26.71184222	26.94985421	98.86088308	1
9.45946825	24.97547054	22.66889906	99.66225433	1
23.41514583	38.63939075	31.80988693	99.61376343	1
3.10744174	18.43229246	24.47310019	94.06020355	1
14.16870615	24.35288382	47.29738331	99.999897	1
7.935549066	5.775668621	50.19281006	94.67819977	1
13.54684901	49.67992401	48.71736717	99.99980545	1
12.89600295	47.85486221	51.84551239	99.99952888	1
6.602378313	46.02980042	48.27051353	99.99899864	1
0	0	0	0	0
0	0	0	0	0
0	0	0	0	0
36.97825671	73.32209778	51.57756805	99.99828339	1
36.90847327	85.9319973	52.05351639	99.99716759	1
40.47582425	78.04141045	45.64362717	99.99944878	1
43.33858395	83.14741516	43.85373592	99.99996948	1
45.00736047	84.07560921	41.56464291	99.99997139	1
43.12734026	59.35961533	19.9322656	99.99995677	1
0	0	0	0	0
0	0	0	0	0
0	0	0	0	0
0	0	0	0	0
0	0	0	0	0
0	0	0	0	0
